实际值:0.754, 0.6533, 0.8136, 0.6762, 0.7552, 0.7168, 0.6214, 0.8112
BPNN:0.734, 0.6033, 0.8336, 0.6362, 0.7152, 0.7468, 0.6114, 0.8012
EWM-BPNN:0.753, 0.6583, 0.8206, 0.6822, 0.7626, 0.7167, 0.6234, 0.8122
AHP-BPNN:0.783, 0.6783, 0.8086, 0.6792, 0.7403, 0.7107, 0.6314, 0.8122




实际值:  0.754,  0.653,  0.813, 0.676, 0.755, 0.715, 0.621, 0.891

BPNN:    0.602, 0.512, 0.864, 0.585, 0.783, 0.654, 0.759, 0.808

AHP-BPNN:  0.836,0.581, 0.781, 0.618,  0.697, 0.717, 0.533, 0.956

EWM-BPNN:  0.743,0.641, 0.808, 0.669, 0.747, 0.715, 0.620, 0.889

BPNN:0.593666
AHP-BPNN:0.898943
EWM-BPNN:0.954430

